20

0  29  20  21  16  31  100 12  4  31  40  35  22  18  60  75  80  85  90  95
29 0   15  29  28  40  72  21  29  41  50  35  25  20  70  80  90  85  95  100
20 15  0   15  14  25  81  9   23  27  35  30  28  16  65  78  85  88  92  110
21 29  15  0   4   12  92  12  25  13  33  40  24  20  68  80  87  85  93  102
16 28  14  4   0   16  94  9   20  16  38  45  30  26  63  77  86  84  89  101
31 40  25  12  16  0   95  25  36  3   37  43  32  27  60  75  88  85  90  98
100 72 81  92  94  95  0   90  101 99  88  91  85  80  40  55  60  62  68  73
12 21  9   12  9   25  90  0   13  24  45  50  35  30  50  62  72  70  85  91
4  29  23  25  20  36  101 13  0   35  48  52  45  33  48  60  75  70  80  87
31 41  27  13  16  3   99  24  35  0   45  43  32  30  47  60  78  75  83  90
40 50  35  33  38  37  88  45  48  45  0   18  24  28  12  25  37  35  45  53
35 35  30  40  45  43  91  50  52  43  18  0   15  20  10  18  30  28  38  45
22 25  28  24  30  32  85  35  45  32  24  15  0   12  20  25  35  30  45  48
18 20  16  20  26  27  80  30  33  30  28  20  12  0   25  30  40  35  50  55
60 70  65  68  63  60  40  50  48  47  12  10  20  25  0   15  25  28  35  40
75 80  78  80  77  75  55  62  60  60  25  18  25  30  15  0   12  15  20  25
80 90  85  87  86  88  60  72  75  78  37  30  35  40  25  12  0   18  25  30
85 85  88  85  84  85  62  70  70  75  35  28  30  35  28  15  18  0   10  18
90 95  92  93  89  90  68  85  80  83  45  38  45  50  35  20  25  10  0   12
95 100 110 102 101 98  73  91  87  90  53  45  48  55  40  25  30  18  12  0

0  50  30  20  10  60  100 25  15  35  40  30  25  15  10  20  30  40  50  60
50 0   20  30  40  80  70  40  60  75  80  70  55  45  35  25  20  25  30  40
30 20  0   25  15  40  90  30  35  45  50  40  35  30  25  20  30  40  50  60
20 30  25  0   10  30  95  20  30  15  20  30  25  20  15  20  25  30  40  50
10 40  15  10  0   20  105 15  25  20  15  20  15  10  10  15  20  25  30  35
60 80  40  30  20  0   110 50  65  10  25  40  50  60  65  70  80  85  90  100
100 70 90  95  105 110 0   120 125 115 105 95  85  75  70  80  85  90  100 110
25 40  30  20  15  50  120 0   18  25  30  40  45  50  55  60  65  70  75  80
15 60  35  30  25  65  125 18  0   40  45  50  55  60  65  70  75  80  85  90
35 75  45  15  20  10  115 25  40  0   20  30  35  40  45  50  55  60  65  70
40 80  50  20  15  25  105 30  45  20  0   15  20  25  30  35  40  45  50  60
30 70  40  30  20  40  95  40  50  30  15  0   15  20  25  30  35  40  45  50
25 55  35  25  15  50  85  45  55  35  20  15  0   10  15  20  25  30  35  40
15 45  30  20  10  60  75  50  60  40  25  20  10  0   10  15  20  25  30  35
10 35  25  15  10  65  70  55  65  45  30   25  15  10  0   10  15  20  25  30
20 25  20  20  15  70  80  60  70  50  35   30  20  15  10  0   10  15  20  25
30 20  30  25  20  80  85  65  75  55  40   35  25  20  15  10  0   10  15  20
40 25  40  30  25  85  90  70  80  60  45   40  30  25  20  15  10  0   10  15
50 30  50  40  30  90  100 75  85  65  50   45  35  30  25  20  15  10  0   10
60 40  60  50  35  100 110 80  90  70  60   50  40  35  30  25  20  15  10  0

(10,20)
(50,80)
(90,100)
(120,130)
(60,40)
(30,10)
(200,300)
(100,50)
(20,80)
(70,90)
(110,120)
(95,85)
(85,60)
(75,40)
(65,30)
(55,20)
(45,10)
(35,5)
(25,2)
(15,1)
